300	1.68E-04
301	1.03E-04
302	1.85E-04
303	4.01E-05
304	2.42E-04
305	1.35E-04
306	9.83E-05
307	1.73E-05
308	8.23E-05
309	5.45E-05
310	4.18E-04
311	5.55E-05
312	1.33E-04
313	8.01E-05
314	4.91E-05
315	1.50E-04
316	1.44E-05
317	2.74E-04
318	8.53E-05
319	3.74E-04
320	8.94E-05
321	3.82E-04
322	5.20E-04
323	3.12E-04
324	4.13E-04
325	1.40E-04
326	1.83E-04
327	5.26E-04
328	1.62E-04
329	2.79E-05
330	4.53E-05
331	5.52E-05
332	5.18E-05
333	1.17E-04
334	8.06E-05
335	2.26E-05
336	8.25E-05
337	2.48E-04
338	1.06E-04
339	4.15E-05
340	9.89E-06
341	8.69E-05
342	4.05E-04
343	8.23E-06
344	5.22E-06
345	1.79E-04
346	1.63E-06
347	4.48E-05
348	2.17E-05
349	4.38E-04
350	8.65E-05
351	3.51E-05
352	4.62E-04
353	1.96E-04
354	2.44E-04
355	1.99E-04
356	1.77E-04
357	1.60E-04
358	1.18E-04
359	4.85E-05
360	5.78E-05
361	1.94E-04
362	2.04E-04
363	3.21E-04
364	2.98E-04
365	1.77E-04
366	6.01E-06
367	5.28E-05
368	3.41E-05
369	8.81E-05
370	1.02E-04
371	1.95E-04
372	2.62E-04
373	8.40E-05
374	2.95E-04
375	2.47E-04
376	1.33E-04
377	1.08E-04
378	1.59E-04
379	1.69E-05
380	1.35E-04
381	5.59E-05
382	9.22E-06
383	3.09E-05
384	1.29E-04
385	3.84E-04
386	1.46E-04
387	1.43E-04
388	2.23E-04
389	3.82E-05
390	3.16E-04
391	3.42E-04
392	1.56E-05
393	1.63E-04
394	6.06E-05
395	2.43E-06
396	2.27E-04
397	3.54E-04
398	2.74E-04
399	2.22E-04
400	9.69E-05
401	2.66E-04
402	1.64E-04
403	1.51E-04
404	2.82E-04
405	8.20E-05
406	2.04E-04
407	2.76E-04
408	1.04E-05
409	2.45E-04
410	1.43E-04
411	2.64E-04
412	9.63E-07
413	6.97E-05
414	1.05E-04
415	1.02E-04
416	9.26E-06
417	1.38E-05
418	9.86E-05
419	2.30E-04
420	1.97E-04
421	2.95E-04
422	4.56E-05
423	3.70E-04
424	1.23E-04
425	4.59E-05
426	1.27E-04
427	3.30E-05
428	2.69E-05
429	2.73E-04
430	2.79E-04
431	6.63E-06
432	1.60E-04
433	2.36E-04
434	2.89E-05
435	4.40E-04
436	1.41E-05
437	2.44E-04
438	1.74E-04
439	1.15E-04
440	1.97E-05
441	3.00E-04
442	1.63E-04
443	9.30E-05
444	1.61E-04
445	5.30E-05
446	1.36E-04
447	1.71E-04
448	1.83E-05
449	1.04E-04
450	2.94E-04
451	2.70E-04
452	9.00E-04
453	6.97E-04
454	2.11E-04
455	4.37E-04
456	3.16E-04
457	9.02E-04
458	7.41E-04
459	3.07E-04
460	2.63E-04
461	2.25E-04
462	1.37E-04
463	5.72E-05
464	1.64E-04
465	1.42E-04
466	4.91E-05
467	9.55E-05
468	1.46E-04
469	2.19E-04
470	2.00E-04
471	2.01E-05
472	9.73E-05
473	5.53E-05
474	1.47E-04
475	1.11E-04
476	7.05E-05
477	9.61E-06
478	3.96E-05
479	7.07E-06
480	1.98E-04
481	5.11E-05
482	3.50E-05
483	1.25E-04
484	6.67E-05
485	1.49E-05
486	7.20E-06
487	7.46E-05
488	1.94E-05
489	1.03E-05
490	1.96E-05
491	2.32E-05
492	1.75E-04
493	1.11E-04
494	3.26E-05
495	1.01E-04
496	8.61E-05
497	9.65E-05
498	1.09E-04
499	3.40E-05
500	6.94E-05
501	9.99E-05
502	8.74E-05
503	1.24E-04
504	1.87E-04
505	2.72E-05
506	3.08E-05
507	2.73E-04
508	5.96E-05
509	1.63E-05
510	6.80E-06
511	5.61E-05
512	1.94E-04
513	2.85E-04
514	2.27E-04
515	2.05E-04
516	2.61E-04
517	1.46E-04
518	1.28E-04
519	4.14E-04
520	1.62E-04
521	2.73E-04
522	4.76E-05
523	7.57E-05
524	7.82E-05
525	1.15E-04
526	1.06E-04
527	1.53E-04
528	9.24E-05
529	8.11E-05
530	9.29E-06
531	3.88E-05
532	2.36E-05
533	3.81E-04
534	7.66E-05
535	1.55E-04
536	1.78E-04
537	2.22E-04
538	3.40E-04
539	5.63E-05
540	1.68E-04
541	2.77E-04
542	4.23E-04
543	1.32E-03
544	8.13E-03
545	8.81E-02
546	1.51E+00
547	1.10E+01
548	3.39E+01
549	6.33E+01
550	8.32E+01
551	8.91E+01
552	9.05E+01
553	9.29E+01
554	9.42E+01
555	9.41E+01
556	9.50E+01
557	9.64E+01
558	9.67E+01
559	9.58E+01
560	9.49E+01
561	9.50E+01
562	9.56E+01
563	9.60E+01
564	9.59E+01
565	9.58E+01
566	9.62E+01
567	9.70E+01
568	9.77E+01
569	9.79E+01
570	9.75E+01
571	9.69E+01
572	9.64E+01
573	9.62E+01
574	9.64E+01
575	9.66E+01
576	9.68E+01
577	9.67E+01
578	9.67E+01
579	9.68E+01
580	9.71E+01
581	9.75E+01
582	9.78E+01
583	9.79E+01
584	9.78E+01
585	9.74E+01
586	9.70E+01
587	9.67E+01
588	9.67E+01
589	9.69E+01
590	9.74E+01
591	9.78E+01
592	9.81E+01
593	9.81E+01
594	9.80E+01
595	9.76E+01
596	9.73E+01
597	9.70E+01
598	9.69E+01
599	9.69E+01
600	9.69E+01
601	9.70E+01
602	9.71E+01
603	9.72E+01
604	9.73E+01
605	9.74E+01
606	9.75E+01
607	9.76E+01
608	9.76E+01
609	9.76E+01
610	9.75E+01
611	9.74E+01
612	9.73E+01
613	9.72E+01
614	9.71E+01
615	9.72E+01
616	9.74E+01
617	9.76E+01
618	9.78E+01
619	9.80E+01
620	9.81E+01
621	9.80E+01
622	9.78E+01
623	9.75E+01
624	9.72E+01
625	9.68E+01
626	9.66E+01
627	9.64E+01
628	9.64E+01
629	9.65E+01
630	9.66E+01
631	9.67E+01
632	9.68E+01
633	9.68E+01
634	9.67E+01
635	9.66E+01
636	9.64E+01
637	9.62E+01
638	9.61E+01
639	9.60E+01
640	9.59E+01
641	9.59E+01
642	9.59E+01
643	9.60E+01
644	9.60E+01
645	9.61E+01
646	9.62E+01
647	9.63E+01
648	9.64E+01
649	9.65E+01
650	9.66E+01
651	9.66E+01
652	9.67E+01
653	9.67E+01
654	9.66E+01
655	9.65E+01
656	9.64E+01
657	9.62E+01
658	9.59E+01
659	9.58E+01
660	9.56E+01
661	9.56E+01
662	9.56E+01
663	9.57E+01
664	9.59E+01
665	9.61E+01
666	9.63E+01
667	9.65E+01
668	9.66E+01
669	9.67E+01
670	9.66E+01
671	9.65E+01
672	9.63E+01
673	9.61E+01
674	9.58E+01
675	9.57E+01
676	9.56E+01
677	9.56E+01
678	9.57E+01
679	9.59E+01
680	9.61E+01
681	9.63E+01
682	9.65E+01
683	9.66E+01
684	9.66E+01
685	9.66E+01
686	9.64E+01
687	9.62E+01
688	9.59E+01
689	9.56E+01
690	9.54E+01
691	9.52E+01
692	9.51E+01
693	9.51E+01
694	9.52E+01
695	9.54E+01
696	9.56E+01
697	9.58E+01
698	9.60E+01
699	9.62E+01
700	9.63E+01
701	9.63E+01
702	9.63E+01
703	9.62E+01
704	9.60E+01
705	9.58E+01
706	9.56E+01
707	9.54E+01
708	9.53E+01
709	9.52E+01
710	9.52E+01
711	9.52E+01
712	9.53E+01
713	9.54E+01
714	9.55E+01
715	9.57E+01
716	9.58E+01
717	9.60E+01
718	9.60E+01
719	9.61E+01
720	9.61E+01
721	9.60E+01
722	9.60E+01
723	9.59E+01
724	9.58E+01
725	9.56E+01
726	9.55E+01
727	9.54E+01
728	9.53E+01
729	9.52E+01
730	9.52E+01
731	9.52E+01
732	9.52E+01
733	9.53E+01
734	9.54E+01
735	9.55E+01
736	9.56E+01
737	9.57E+01
738	9.59E+01
739	9.60E+01
740	9.61E+01
741	9.62E+01
742	9.62E+01
743	9.62E+01
744	9.62E+01
745	9.61E+01
746	9.60E+01
747	9.58E+01
748	9.56E+01
749	9.55E+01
750	9.53E+01
751	9.52E+01
752	9.51E+01
753	9.50E+01
754	9.50E+01
755	9.51E+01
756	9.52E+01
757	9.54E+01
758	9.55E+01
759	9.58E+01
760	9.60E+01
761	9.62E+01
762	9.63E+01
763	9.64E+01
764	9.65E+01
765	9.64E+01
766	9.64E+01
767	9.62E+01
768	9.60E+01
769	9.58E+01
770	9.56E+01
771	9.54E+01
772	9.52E+01
773	9.50E+01
774	9.50E+01
775	9.49E+01
776	9.50E+01
777	9.51E+01
778	9.53E+01
779	9.55E+01
780	9.58E+01
781	9.61E+01
782	9.63E+01
783	9.65E+01
784	9.67E+01
785	9.68E+01
786	9.69E+01
787	9.68E+01
788	9.67E+01
789	9.65E+01
790	9.63E+01
791	9.61E+01
792	9.58E+01
793	9.55E+01
794	9.53E+01
795	9.51E+01
796	9.49E+01
797	9.49E+01
798	9.49E+01
799	9.50E+01
800	9.55E+01
801	9.56E+01
802	9.58E+01
803	9.59E+01
804	9.60E+01
805	9.61E+01
806	9.63E+01
807	9.63E+01
808	9.64E+01
809	9.64E+01
810	9.64E+01
811	9.63E+01
812	9.62E+01
813	9.61E+01
814	9.60E+01
815	9.59E+01
816	9.57E+01
817	9.56E+01
818	9.55E+01
819	9.54E+01
820	9.54E+01
821	9.54E+01
822	9.54E+01
823	9.54E+01
824	9.55E+01
825	9.56E+01
826	9.57E+01
827	9.59E+01
828	9.60E+01
829	9.61E+01
830	9.62E+01
831	9.63E+01
832	9.64E+01
833	9.64E+01
834	9.64E+01
835	9.64E+01
836	9.63E+01
837	9.62E+01
838	9.61E+01
839	9.60E+01
840	9.59E+01
841	9.58E+01
842	9.57E+01
843	9.56E+01
844	9.55E+01
845	9.55E+01
846	9.54E+01
847	9.54E+01
848	9.54E+01
849	9.55E+01
850	9.55E+01
851	9.56E+01
852	9.57E+01
853	9.57E+01
854	9.58E+01
855	9.59E+01
856	9.59E+01
857	9.60E+01
858	9.60E+01
859	9.60E+01
860	9.60E+01
861	9.60E+01
862	9.60E+01
863	9.60E+01
864	9.60E+01
865	9.59E+01
866	9.59E+01
867	9.58E+01
868	9.58E+01
869	9.58E+01
870	9.58E+01
871	9.57E+01
872	9.57E+01
873	9.57E+01
874	9.57E+01
875	9.57E+01
876	9.57E+01
877	9.57E+01
878	9.57E+01
879	9.57E+01
880	9.57E+01
881	9.57E+01
882	9.57E+01
883	9.57E+01
884	9.57E+01
885	9.57E+01
886	9.57E+01
887	9.57E+01
888	9.57E+01
889	9.57E+01
890	9.57E+01
891	9.57E+01
892	9.57E+01
893	9.58E+01
894	9.58E+01
895	9.58E+01
896	9.59E+01
897	9.59E+01
898	9.59E+01
899	9.59E+01
900	9.59E+01
901	9.58E+01
902	9.58E+01
903	9.58E+01
904	9.57E+01
905	9.56E+01
906	9.55E+01
907	9.55E+01
908	9.54E+01
909	9.53E+01
910	9.52E+01
911	9.51E+01
912	9.51E+01
913	9.50E+01
914	9.50E+01
915	9.50E+01
916	9.50E+01
917	9.50E+01
918	9.51E+01
919	9.51E+01
920	9.52E+01
921	9.53E+01
922	9.54E+01
923	9.56E+01
924	9.57E+01
925	9.58E+01
926	9.59E+01
927	9.60E+01
928	9.61E+01
929	9.61E+01
930	9.61E+01
931	9.61E+01
932	9.61E+01
933	9.60E+01
934	9.59E+01
935	9.58E+01
936	9.57E+01
937	9.56E+01
938	9.54E+01
939	9.52E+01
940	9.51E+01
941	9.49E+01
942	9.48E+01
943	9.47E+01
944	9.46E+01
945	9.45E+01
946	9.45E+01
947	9.45E+01
948	9.45E+01
949	9.45E+01
950	9.46E+01
951	9.48E+01
952	9.49E+01
953	9.51E+01
954	9.52E+01
955	9.54E+01
956	9.56E+01
957	9.58E+01
958	9.60E+01
959	9.61E+01
960	9.62E+01
961	9.63E+01
962	9.64E+01
963	9.64E+01
964	9.64E+01
965	9.64E+01
966	9.63E+01
967	9.62E+01
968	9.61E+01
969	9.59E+01
970	9.57E+01
971	9.55E+01
972	9.53E+01
973	9.51E+01
974	9.49E+01
975	9.47E+01
976	9.45E+01
977	9.44E+01
978	9.43E+01
979	9.42E+01
980	9.42E+01
981	9.42E+01
982	9.42E+01
983	9.42E+01
984	9.44E+01
985	9.45E+01
986	9.46E+01
987	9.48E+01
988	9.50E+01
989	9.52E+01
990	9.54E+01
991	9.57E+01
992	9.59E+01
993	9.60E+01
994	9.62E+01
995	9.64E+01
996	9.65E+01
997	9.65E+01
998	9.66E+01
999	9.66E+01
1000	9.66E+01
1001	9.65E+01
1002	9.64E+01
1003	9.62E+01
1004	9.61E+01
1005	9.59E+01
1006	9.57E+01
1007	9.55E+01
1008	9.53E+01
1009	9.51E+01
1010	9.48E+01
1011	9.47E+01
1012	9.45E+01
1013	9.43E+01
1014	9.42E+01
1015	9.41E+01
1016	9.40E+01
1017	9.40E+01
1018	9.40E+01
1019	9.40E+01
1020	9.41E+01
1021	9.42E+01
1022	9.43E+01
1023	9.45E+01
1024	9.46E+01
1025	9.49E+01
1026	9.50E+01
1027	9.52E+01
1028	9.55E+01
1029	9.57E+01
1030	9.58E+01
1031	9.60E+01
1032	9.62E+01
1033	9.63E+01
1034	9.64E+01
1035	9.65E+01
1036	9.66E+01
1037	9.66E+01
1038	9.66E+01
1039	9.65E+01
1040	9.64E+01
1041	9.64E+01
1042	9.63E+01
1043	9.61E+01
1044	9.59E+01
1045	9.58E+01
1046	9.56E+01
1047	9.54E+01
1048	9.53E+01
1049	9.51E+01
1050	9.49E+01
1051	9.48E+01
1052	9.47E+01
1053	9.46E+01
1054	9.45E+01
1055	9.44E+01
1056	9.44E+01
1057	9.44E+01
1058	9.44E+01
1059	9.45E+01
1060	9.45E+01
1061	9.46E+01
1062	9.47E+01
1063	9.48E+01
1064	9.50E+01
1065	9.51E+01
1066	9.53E+01
1067	9.54E+01
1068	9.56E+01
1069	9.57E+01
1070	9.59E+01
1071	9.60E+01
1072	9.61E+01
1073	9.62E+01
1074	9.63E+01
1075	9.64E+01
1076	9.64E+01
1077	9.64E+01
1078	9.64E+01
1079	9.64E+01
1080	9.64E+01
1081	9.63E+01
1082	9.62E+01
1083	9.61E+01
1084	9.60E+01
1085	9.59E+01
1086	9.58E+01
1087	9.57E+01
1088	9.55E+01
1089	9.54E+01
1090	9.53E+01
1091	9.52E+01
1092	9.51E+01
1093	9.50E+01
1094	9.49E+01
1095	9.48E+01
1096	9.48E+01
1097	9.47E+01
1098	9.47E+01
1099	9.47E+01
1100	9.47E+01
1101	9.47E+01
1102	9.47E+01
1103	9.48E+01
1104	9.48E+01
1105	9.49E+01
1106	9.50E+01
1107	9.51E+01
1108	9.52E+01
1109	9.53E+01
1110	9.54E+01
1111	9.55E+01
1112	9.56E+01
1113	9.57E+01
1114	9.58E+01
1115	9.58E+01
1116	9.59E+01
1117	9.60E+01
1118	9.60E+01
1119	9.61E+01
1120	9.61E+01
1121	9.61E+01
1122	9.61E+01
1123	9.61E+01
1124	9.61E+01
1125	9.61E+01
1126	9.60E+01
1127	9.60E+01
1128	9.59E+01
1129	9.59E+01
1130	9.58E+01
1131	9.58E+01
1132	9.57E+01
1133	9.57E+01
1134	9.56E+01
1135	9.55E+01
1136	9.55E+01
1137	9.54E+01
1138	9.54E+01
1139	9.54E+01
1140	9.53E+01
1141	9.53E+01
1142	9.53E+01
1143	9.53E+01
1144	9.53E+01
1145	9.53E+01
1146	9.53E+01
1147	9.53E+01
1148	9.53E+01
1149	9.54E+01
1150	9.54E+01
1151	9.54E+01
1152	9.55E+01
1153	9.55E+01
1154	9.56E+01
1155	9.56E+01
1156	9.56E+01
1157	9.57E+01
1158	9.57E+01
1159	9.57E+01
1160	9.57E+01
1161	9.58E+01
1162	9.58E+01
1163	9.58E+01
1164	9.58E+01
1165	9.58E+01
1166	9.58E+01
1167	9.58E+01
1168	9.58E+01
1169	9.58E+01
1170	9.57E+01
1171	9.57E+01
1172	9.57E+01
1173	9.57E+01
1174	9.57E+01
1175	9.56E+01
1176	9.56E+01
1177	9.56E+01
1178	9.56E+01
1179	9.55E+01
1180	9.55E+01
1181	9.55E+01
1182	9.55E+01
1183	9.55E+01
1184	9.55E+01
1185	9.55E+01
1186	9.55E+01
1187	9.56E+01
1188	9.56E+01
1189	9.56E+01
1190	9.56E+01
1191	9.56E+01
1192	9.56E+01
1193	9.57E+01
1194	9.57E+01
1195	9.57E+01
1196	9.58E+01
1197	9.58E+01
1198	9.58E+01
1199	9.58E+01
1200	9.59E+01
1201	9.59E+01
1202	9.59E+01
1203	9.59E+01
1204	9.59E+01
1205	9.59E+01
1206	9.59E+01
1207	9.59E+01
1208	9.59E+01
1209	9.58E+01
1210	9.58E+01
1211	9.58E+01
1212	9.57E+01
1213	9.57E+01
1214	9.57E+01
1215	9.56E+01
1216	9.56E+01
1217	9.55E+01
1218	9.55E+01
1219	9.55E+01
1220	9.54E+01
1221	9.54E+01
1222	9.53E+01
1223	9.53E+01
1224	9.53E+01
1225	9.52E+01
1226	9.52E+01
1227	9.52E+01
1228	9.52E+01
1229	9.52E+01
1230	9.52E+01
1231	9.52E+01
1232	9.52E+01
1233	9.52E+01
1234	9.52E+01
1235	9.53E+01
1236	9.53E+01
1237	9.53E+01
1238	9.54E+01
1239	9.54E+01
1240	9.55E+01
1241	9.55E+01
1242	9.56E+01
1243	9.56E+01
1244	9.57E+01
1245	9.57E+01
1246	9.58E+01
1247	9.58E+01
1248	9.59E+01
1249	9.59E+01
1250	9.60E+01
1251	9.60E+01
1252	9.60E+01
1253	9.60E+01
1254	9.60E+01
1255	9.60E+01
1256	9.60E+01
1257	9.60E+01
1258	9.60E+01
1259	9.60E+01
1260	9.60E+01
1261	9.59E+01
1262	9.59E+01
1263	9.58E+01
1264	9.58E+01
1265	9.57E+01
1266	9.57E+01
1267	9.56E+01
1268	9.55E+01
1269	9.54E+01
1270	9.54E+01
1271	9.53E+01
1272	9.52E+01
1273	9.52E+01
1274	9.51E+01
1275	9.50E+01
1276	9.50E+01
1277	9.49E+01
1278	9.49E+01
1279	9.48E+01
1280	9.48E+01
1281	9.48E+01
1282	9.47E+01
1283	9.47E+01
1284	9.47E+01
1285	9.47E+01
1286	9.47E+01
1287	9.48E+01
1288	9.48E+01
1289	9.48E+01
1290	9.49E+01
1291	9.49E+01
1292	9.49E+01
1293	9.50E+01
1294	9.51E+01
1295	9.51E+01
1296	9.52E+01
1297	9.53E+01
1298	9.54E+01
1299	9.55E+01
1300	9.56E+01
1301	9.56E+01
1302	9.57E+01
1303	9.58E+01
1304	9.59E+01
1305	9.59E+01
1306	9.60E+01
1307	9.61E+01
1308	9.61E+01
1309	9.62E+01
1310	9.62E+01
1311	9.63E+01
1312	9.63E+01
1313	9.63E+01
1314	9.63E+01
1315	9.63E+01
1316	9.63E+01
1317	9.63E+01
1318	9.63E+01
1319	9.62E+01
1320	9.62E+01
1321	9.61E+01
1322	9.61E+01
1323	9.60E+01
1324	9.59E+01
1325	9.58E+01
1326	9.58E+01
1327	9.57E+01
1328	9.56E+01
1329	9.55E+01
1330	9.54E+01
1331	9.53E+01
1332	9.52E+01
1333	9.51E+01
1334	9.50E+01
1335	9.49E+01
1336	9.48E+01
1337	9.48E+01
1338	9.47E+01
1339	9.46E+01
1340	9.45E+01
1341	9.45E+01
1342	9.44E+01
1343	9.44E+01
1344	9.44E+01
1345	9.43E+01
1346	9.43E+01
1347	9.43E+01
1348	9.43E+01
1349	9.43E+01
1350	9.44E+01
1351	9.44E+01
1352	9.44E+01
1353	9.45E+01
1354	9.45E+01
1355	9.46E+01
1356	9.47E+01
1357	9.48E+01
1358	9.48E+01
1359	9.49E+01
1360	9.50E+01
1361	9.51E+01
1362	9.52E+01
1363	9.53E+01
1364	9.54E+01
1365	9.55E+01
1366	9.56E+01
1367	9.57E+01
1368	9.58E+01
1369	9.59E+01
1370	9.59E+01
1371	9.60E+01
1372	9.61E+01
1373	9.61E+01
1374	9.62E+01
1375	9.62E+01
1376	9.63E+01
1377	9.63E+01
1378	9.63E+01
1379	9.63E+01
1380	9.63E+01
1381	9.64E+01
1382	9.63E+01
1383	9.63E+01
1384	9.63E+01
1385	9.63E+01
1386	9.62E+01
1387	9.62E+01
1388	9.61E+01
1389	9.61E+01
1390	9.60E+01
1391	9.59E+01
1392	9.58E+01
1393	9.57E+01
1394	9.56E+01
1395	9.56E+01
1396	9.55E+01
1397	9.54E+01
1398	9.53E+01
1399	9.52E+01
1400	9.51E+01
1401	9.50E+01
1402	9.49E+01
1403	9.48E+01
1404	9.47E+01
1405	9.46E+01
1406	9.45E+01
1407	9.44E+01
1408	9.44E+01
1409	9.43E+01
1410	9.42E+01
1411	9.42E+01
1412	9.41E+01
1413	9.41E+01
1414	9.41E+01
1415	9.41E+01
1416	9.40E+01
1417	9.40E+01
1418	9.40E+01
1419	9.41E+01
1420	9.41E+01
1421	9.41E+01
1422	9.41E+01
1423	9.42E+01
1424	9.42E+01
1425	9.43E+01
1426	9.44E+01
1427	9.44E+01
1428	9.45E+01
1429	9.46E+01
1430	9.47E+01
1431	9.48E+01
1432	9.49E+01
1433	9.49E+01
1434	9.50E+01
1435	9.51E+01
1436	9.52E+01
1437	9.53E+01
1438	9.54E+01
1439	9.55E+01
1440	9.56E+01
1441	9.57E+01
1442	9.58E+01
1443	9.59E+01
1444	9.59E+01
1445	9.60E+01
1446	9.61E+01
1447	9.61E+01
1448	9.62E+01
1449	9.62E+01
1450	9.63E+01
1451	9.63E+01
1452	9.63E+01
1453	9.63E+01
1454	9.63E+01
1455	9.64E+01
1456	9.64E+01
1457	9.63E+01
1458	9.63E+01
1459	9.63E+01
1460	9.62E+01
1461	9.62E+01
1462	9.61E+01
1463	9.61E+01
1464	9.60E+01
1465	9.60E+01
1466	9.59E+01
1467	9.58E+01
1468	9.57E+01
1469	9.56E+01
1470	9.56E+01
1471	9.55E+01
1472	9.54E+01
1473	9.53E+01
1474	9.52E+01
1475	9.51E+01
1476	9.50E+01
1477	9.49E+01
1478	9.48E+01
1479	9.48E+01
1480	9.47E+01
1481	9.46E+01
1482	9.45E+01
1483	94.45894
1484	94.40183
1485	94.35013
1486	94.29538
1487	94.24508
1488	94.20296
1489	94.17021
1490	94.14118
1491	94.13464
1492	94.1141
1493	94.09608
1494	94.08361
1495	94.10217
1496	94.11853
1497	94.13737
1498	94.15616
1499	94.17931
1500	94.21617